(
Sequence2:0.38095,
Sequence1:-0.04762,
Sequence3:0.04762);
